perm11 = [70, 2, 5,16,10,19,17,18,44,43,42,41,40,39,59,56,57,58];
perm12 = [73, 3, 7,14,11,24,25,26,45,34,35,30,31,37,64,63,62,61];
perm13 = [72, 1, 4, 6,13,12,22,29,23,46,47,48,49,50,51,67,68,53,54];
perm14 = [71, 0, 9, 8,15,20,21,28,27,33,36,32,38,52,69,60,55,65,66];
perm21 = [70, 2, 5,16,10,19,17,18,44,43,42,41,40,39,59,56,57,58];
perm22 = [73, 3, 7,14,11,24,25,26,45,34,35,30,31,37,64,63,62,61];
perm23 = [72, 1, 4, 6,13,12,22,29,23,46,47,48,49,50,51,67,68,53,54];
perm24 = [71, 0, 9, 8,15,20,21,28,27,33,36,32,38,52,69,60,55,65,66];
perm31 = [71, 1, 6,14,15,22,19,27,36,43,38,41,40,39,62,61,60,59];
perm32 = [72, 3, 8,11,16,23,24,25,26,44,32,30,31,50,58,65,64,63];
perm33 = [69, 4, 5, 7,12,18,20,29,37,45,46,47,48,49,68,67,66,53];
perm34 = [70, 0, 2, 9,10,13,17,21,28,35,34,33,42,52,51,55,57,56,54];
perm41 = [60, 2, 6,10,15,18,17,29,48,33,51,52,50,47,53];
perm42 = [61, 4, 7,14,20,21,22,23,38,37,36,35,34,55,56];
perm43 = [58, 8, 5,11,13,26,25,27,39,40,41,42,43,44,57];
perm44 = [59, 1, 3, 9,16,12,19,24,28,32,30,45,31,46,49,54];
perm51 = [60, 2, 3, 9, 5,15,16,11,10,19,22,23,21,28,27,37,36,35,34,33,30];
perm52 = [42, 1, 4, 8, 7, 6,14,13,12,18,29,20,24,26,17,25,38,39,40,41,32,31];
perm61 = [37, 2, 3, 9, 5, 6,15,16,10,17,20,26,25,24,23,22,34,31];
perm62 = [39, 1, 4, 8, 7,14,13,12,11,28,29,27,18,19,21,35,32,30];
perm71 = [31, 3, 4, 5, 6,15,12,10,11,18,19,23,21,20];
perm72 = [27, 2, 9, 8, 7,14,16,13,24,25,26,17,22,30];
