perm41 = [72,46,45,51,42,66,62,63,65,22,67,20,28,37,64,19,23,17,38,12, 6];
perm42 = [71,44,52,50,43,56,60,16,61,21,57,33,58,34,35,59,15,24, 9,40,41,13,30,18];
perm43 = [73,47,48,49,69,68,53,25,54,26,55,29,31,14,70,27,32,36,11,39, 8, 7,10, 4, 5, 3, 2, 0, 1];
perm51 = [72,52,51,49,46,54,68,66,65,36,58,20,21,33,67,18,37,13,41,11];
perm52 = [71,50,47,44, 0,61,62,63,29,64,31,60,14,17,34,35,55,38,39,40];
perm53 = [70,42,43,48,45,16,57,69,19,56,28,32,53,15,24,22,23,12,59,25,26,27,10,30, 9, 6, 8, 5, 7, 4, 3, 2, 1];
perm61 = [72,50,43,44,53,63,49,16,20,58,25,36,39,27,29, 9,35,19,10,17];
perm62 = [65,51,41,52,40,57,56,42,28,30,62,23,33,34,13,59,15,26, 8,37,31,14,18];
perm63 = [64,45,46,47,48,60,61,54,24,21,11,55,22,32,12,38, 7, 6, 4, 5, 3, 2, 0, 1];
perm71 = [56,47,48,43,36,50,45,20,35,46,18,33,31,39,29,23,30,11,32,17];
perm72 = [55,40,38,41,44,26,53,28,42,15,19,27, 8,34,10, 7,37,16,24,21,25, 9,14, 6,22,13,12, 5, 4, 3, 2, 0, 1];
perm81 = [44,29,40,41,42,39,27,35,23,22,37,28,32,33,14,38,16,21,19,30,20,17,18,36,24,25,26, 8, 9, 4,31,13,15, 7,34,12, 6,11,10, 5, 3, 2, 0, 1];
perm91 = [39,29,28,36,38,37,14,33,15,21,34,22,19,30,32,16,26,18,13,20, 9,17,35,23,24,25, 8,27,12, 7, 6,31,11,10, 4, 5, 3, 2, 0, 1];
perm101 = [35,29,28,33,34,27,16,26,32,21,19,31,18,22,24,13,14, 6,30,15, 8,23, 9, 4,25,11,12, 7,20,17,10, 5, 3, 2, 1];
perm111 = [29,28,27,26,24, 9, 2,25,14,15, 7,31,20,22,32,16,17, 8,19,13, 4, 3,30,23,21,12,18,11,10, 6, 5, 1];
perm121 = [30,27,28,23,26,16,21,24,14,19,18,13,25,15,20,17,10, 9, 4, 5,22, 8,11,12, 7, 6, 3, 2, 1];
perm131 = [28,25,21,26,15, 7,23,12,13, 9, 2,24,14,17,22,16,18,19, 8, 4, 5,20,10,11, 6, 3, 1];
perm141 = [26,24,21,25,23,12,15, 4, 2,22, 9,13,14, 8,16, 7,10, 5,20,19,18,17,11, 6, 3, 1];
perm151 = [24,22,23,20,16,21,15,18,19,13,12,11,14, 7, 9, 5,17,10, 8, 6, 4, 3, 2, 1];
perm161 = [23,16,19,22,14,20, 9,15,18,11,21,12,13, 7, 4, 2,17,10, 8, 6, 5, 3, 1];
perm171 = [21,20,19,15,18,14,17,16, 9,11,12, 8, 4, 5,13,10, 7, 6, 3, 2, 1];
perm181 = [21,18,20,16,19,13,12, 8, 4,17, 9, 7,14,11,15,10, 6, 5, 2, 3];
perm191 = [18,13,12,15, 7, 4,14, 9, 8, 2, 3,17,10,11, 6, 5];
